,Id,MSSubClass,LotFrontage,LotArea,OverallQual,OverallCond,YearBuilt,YearRemodAdd,MasVnrArea,BsmtFinSF1,BsmtFinSF2,BsmtUnfSF,TotalBsmtSF,1stFlrSF,2ndFlrSF,LowQualFinSF,GrLivArea,BsmtFullBath,BsmtHalfBath,FullBath,HalfBath,BedroomAbvGr,KitchenAbvGr,TotRmsAbvGrd,Fireplaces,GarageYrBlt,GarageCars,GarageArea,WoodDeckSF,OpenPorchSF,EnclosedPorch,3SsnPorch,ScreenPorch,PoolArea,MiscVal,MoSold,YrSold,SalePrice
Id,1.0,0.0022164136548523837,-0.004147027709075697,-0.03341069384942394,-0.017879823075546284,0.029570991560489153,-0.022142373782608218,-0.03256039860677925,-0.023680126268750625,-0.011790016449012751,-0.009281899807354084,-0.002552235144721613,-0.01819984440659841,0.0121587230457476,0.013383383985305957,-0.051251589007657306,0.015502719831803536,-0.002575464120191247,-0.022342169166457652,0.005492101512434647,-0.01142565809472255,0.03982092192242579,-0.013739836101699513,0.028139884056030663,-0.026059323019780263,0.014309910550619169,0.019902998326597993,0.02960652206061085,-0.005501914630535681,0.01279549544614412,0.007900039739496757,-0.04942976042041867,-0.0005341352694337008,0.055849812735141016,-0.006444053620797327,0.0137125950625283,0.00421108273034199,-0.01964272625211415
MSSubClass,0.0022164136548523837,1.0,-0.3712685275086009,-0.11650097658680715,0.029719463662670528,-0.052767612161184536,-0.0019283385242315487,0.03608111725745124,-0.013490564046753759,-0.08094376104776069,-0.07420521871651124,-0.1318539287162654,-0.24452054241751928,-0.2511655352714123,0.31982304975688103,0.06101807726412533,0.08845248721281863,-0.002677782213199713,-0.010991006702017378,0.15208828224162005,0.15938761859060205,-0.003837111106510493,0.3133530070868871,0.06862301487655399,-0.045601826947573254,0.059795667341394645,-0.04078714015140655,-0.09614003126810826,-0.02271200079198523,-0.011753177473549339,-0.00808615284274172,-0.058671681561942,-0.03315505004870895,0.0035778481325730816,-0.006216295130981231,-0.014139401466276484,-0.028758265196591998,-0.08808143230519452
LotFrontage,-0.004147027709075697,-0.3712685275086009,1.0,0.4270086149893656,0.24972616185797722,-0.05172480484455467,0.12385784057935925,0.09125334434558319,0.2232357756331257,0.23618171338821667,0.06539286658652603,0.12604475691015965,0.39494734363081097,0.45093184998956515,0.06968027594318774,0.02517432356088472,0.3922160801272783,0.09604525665348188,-0.014129796345299908,0.188595351176648,0.06096501689403512,0.24793573269948987,-0.006817116829398555,0.33005896412425473,0.26700703890601046,0.05904281568107815,0.27631443315526477,0.3369139909504237,0.07767041193732004,0.14375280375961577,-0.0047492801223881715,0.08170862766013104,0.05208675574732639,0.2454243279607946,0.0007874490557773429,0.023849504973428127,0.003096526341570703,0.3300661478338092
LotArea,-0.03341069384942394,-0.11650097658680715,0.4270086149893656,1.0,0.10208818181721598,0.001625109255219622,0.013541131762686398,0.01721562370177289,0.12563435127920966,0.2242699955007697,0.12236632701855453,-0.014815078233098534,0.2625587230185574,0.2982297778426878,0.05440522346689644,0.007602984504015016,0.2661869090060399,0.16837302963263773,0.05037663335375084,0.11729647298692081,0.022935659001523716,0.1178825026407732,-0.02717386078657677,0.1869563271091103,0.2715253250055884,-0.028553473297136346,0.15180348075701391,0.1791239748131755,0.17753715388510874,0.08631963238332539,-0.024948239600949267,0.023200191418532964,0.04635328818092854,0.08646301125372445,0.03835754574486165,0.003973082110040566,-0.00509769058834608,0.2662035157481018
OverallQual,-0.017879823075546284,0.029719463662670528,0.24972616185797722,0.10208818181721598,1.0,-0.08759923163795526,0.5581235590776086,0.5382505108641491,0.41608484918137356,0.20486440907744433,-0.050636755651485316,0.33006106638743193,0.5295570178624605,0.46375130959130784,0.28871669374026804,-0.0235232090335744,0.5817832497367993,0.09107015871950841,-0.0613744147533576,0.5396606536217459,0.266661434555203,0.08139893792716592,-0.18845132054028121,0.4163318561363937,0.3848191736240695,0.5269365563563009,0.5874867471314587,0.550475562548777,0.23299098544635208,0.28869100822584737,-0.12196675661254741,0.02527792441788363,0.06083994665111061,0.07918163560311328,-0.03203951948639972,0.05335500516408308,-0.0176347448025658,0.7855547508295233
OverallCond,0.029570991560489153,-0.052767612161184536,-0.05172480484455467,0.001625109255219622,-0.08759923163795526,1.0,-0.3862678881574678,0.055033547541568875,-0.14306285745703318,-0.04338810445812789,0.047532084710076875,-0.14167073628133645,-0.1716330134255273,-0.13380462414202512,0.04021586028342907,0.026704859595263274,-0.06251021442752487,-0.05260515613287741,0.12289394524099968,-0.18127791432467058,-0.05498345275053092,0.020843038815997066,-0.0672489498386109,-0.04200025094620559,-0.004994876955685587,-0.3285630841663082,-0.1731149800379311,-0.13943087747262228,-0.007351573294635357,-0.029881643596389035,0.06769649069472129,0.017296403356069055,0.05753687838098918,-0.007495502197741231,0.07701553564837846,0.007974742305644246,0.023782451066633507,-0.07439125482472195
YearBuilt,-0.022142373782608218,-0.0019283385242315487,0.12385784057935925,0.013541131762686398,0.5581235590776086,-0.3862678881574678,1.0,0.5873109264514947,0.31810121293110877,0.22334839559885347,-0.05111212961980993,0.1747956396027948,0.3913723026095238,0.2718911055702869,-0.014938204610589612,-0.18349318217027932,0.17119491483465293,0.17293524426826393,-0.05009075878513363,0.4604574378969582,0.2287627203905752,-0.09070330752751879,-0.20321515468824067,0.06811454273134455,0.12781067658397902,0.8195574824669867,0.5257395018785775,0.4666100522572073,0.2170830297195778,0.17624050286829637,-0.39251320135953593,0.029117283070690905,-0.047355689159291614,0.004362478861821194,-0.03368286178421864,0.006257364745017056,0.000670346418191067,0.5165007897173519
YearRemodAdd,-0.03256039860677925,0.03608111725745124,0.09125334434558319,0.01721562370177289,0.5382505108641491,0.055033547541568875,0.5873109264514947,1.0,0.15941624518859326,0.10464826930477607,-0.06889109123004493,0.20081146055540544,0.28768580424595797,0.23385680149492472,0.13498122118985592,-0.04204488339566112,0.2817273801731983,0.10984912446026926,-0.02363258027003586,0.4494880892389045,0.17151361543196192,-0.056234556053224,-0.1483476845513981,0.18665895548009512,0.10167780669463286,0.6457929031433055,0.414912233683476,0.36482578648644004,0.21178852897828865,0.22405293854259,-0.2056967419200973,0.042384850952549534,-0.060475782028264986,0.011388407880920697,-0.006076082784955423,0.025142269193765887,0.04653333324361139,0.5085928623194931
MasVnrArea,-0.023680126268750625,-0.013490564046753759,0.2232357756331257,0.12563435127920966,0.41608484918137356,-0.14306285745703318,0.31810121293110877,0.15941624518859326,1.0,0.24434673444399088,-0.07039654852722775,0.15049026550069755,0.38096098933399786,0.36271399215993866,0.1378676351395404,-0.0715840399720547,0.3762432014184544,0.0886140112677015,0.016692331547979732,0.2692695521795837,0.1818670965902045,0.11041678372926679,-0.03070854157488464,0.2706501532756018,0.249423603821881,0.24435745146927232,0.3684398890529906,0.38354432689362616,0.16527816445939755,0.12047978721484766,-0.12822562214027883,0.03138160138715499,0.05811292848812316,0.021876654291177234,-0.03166841309861232,0.0028100082778469227,0.005671218793672964,0.4591226943523084
BsmtFinSF1,-0.011790016449012751,-0.08094376104776069,0.23618171338821667,0.2242699955007697,0.20486440907744433,-0.04338810445812789,0.22334839559885347,0.10464826930477607,0.24434673444399088,1.0,-0.04365199109695263,-0.5020122399903809,0.5175771529857957,0.4379834786039733,-0.13992929551264055,-0.052297327741542936,0.20087262206669787,0.6489698043811275,0.06168321156602708,0.029937970971545717,0.007673562738241486,-0.10854837352439745,-0.08778999108906822,0.026574118040490972,0.2417829332932143,0.12198436971917997,0.19956604066785164,0.28052307213935174,0.18917153904506917,0.09283250504149665,-0.11521606655662932,0.02712794373123614,0.054527090958568204,0.16595071723235738,0.004167784834831154,-0.011883594994910516,0.032167026249465006,0.35946011873579686
BsmtFinSF2,-0.009281899807354084,-0.07420521871651124,0.06539286658652603,0.12236632701855453,-0.050636755651485316,0.047532084710076875,-0.05111212961980993,-0.06889109123004493,-0.07039654852722775,-0.04365199109695263,1.0,-0.20351668771877124,0.10741557682799614,0.10714991228083955,-0.10597293083777998,0.0047059181741898985,-0.009391176310774421,0.14899173348890082,0.1013282199310183,-0.07617922430586249,-0.03142595794882706,-0.01941004488419702,-0.03547080641784574,-0.02872303519596953,0.0588245149522053,-0.08454883345603895,-0.013479399640238735,0.0038185266780074263,0.06976405460217365,0.02207538835265419,0.055099944684266856,-0.03029383718299983,0.11592699876011596,0.05540318092612764,0.00811545293977186,-0.016694546565501858,0.04030642336975355,-0.005731040775719425
BsmtUnfSF,-0.002552235144721613,-0.1318539287162654,0.12604475691015965,-0.014815078233098534,0.33006106638743193,-0.14167073628133645,0.1747956396027948,0.20081146055540544,0.15049026550069755,-0.5020122399903809,-0.20351668771877124,1.0,0.41687149324085415,0.3284072690503809,-0.0016492095370264376,0.010074634745382683,0.24167919489541595,-0.42454942412524954,-0.11600020297224965,0.30369519755059415,-0.045606954678762045,0.1595381794381734,0.0421557717463027,0.2493261843515874,0.05610251229176865,0.2088820150870834,0.23193994777849364,0.19461252358390357,0.017317042618673083,0.13835301978948364,-0.012559553991616864,0.02110913924947606,-0.012883797423101046,-0.042609837314724355,-0.02620444196853416,0.022017435273435585,-0.03609120271099622,0.22248700465738838
TotalBsmtSF,-0.01819984440659841,-0.24452054241751928,0.39494734363081097,0.2625587230185574,0.5295570178624605,-0.1716330134255273,0.3913723026095238,0.28768580424595797,0.38096098933399786,0.5175771529857957,0.10741557682799614,0.41687149324085415,1.0,0.8273824411664517,-0.1854885175824415,-0.042586056135768956,0.4506844460240314,0.2995225287836882,-0.016859332357451663,0.31145203010231937,-0.04948474170117266,0.04154925025752005,-0.061489794924946745,0.2699153135040929,0.3298220436639882,0.31273538977753557,0.43799055630809575,0.4907281727215779,0.23965610192777276,0.24477217787824784,-0.11296435291168756,0.038765431143304475,0.0853747109871651,0.1496095552758025,-0.019287212992840724,0.003928097585234074,0.011424022249385879,0.5977658678072638
1stFlrSF,0.0121587230457476,-0.2511655352714123,0.45093184998956515,0.2982297778426878,0.46375130959130784,-0.13380462414202512,0.2718911055702869,0.23385680149492472,0.36271399215993866,0.4379834786039733,0.10714991228083955,0.3284072690503809,0.8273824411664517,1.0,-0.21327675402290747,-0.014404615218387855,0.557240674476161,0.23621603176074482,-0.014581385664562817,0.36002501317977487,-0.12283074092493085,0.11514435016443168,0.0513218007243377,0.3892851494961646,0.404923541900942,0.22284546806202304,0.4370938032429118,0.4891079273167645,0.2523072274786625,0.20215554229394725,-0.08445266496271889,0.06260880210733208,0.09812091431658503,0.15872199023064487,-0.022282228330706498,0.03961023684784837,0.0022537722373259326,0.5878834001325344
2ndFlrSF,0.013383383985305957,0.31982304975688103,0.06968027594318774,0.05440522346689644,0.28871669374026804,0.04021586028342907,-0.014938204610589612,0.13498122118985592,0.1378676351395404,-0.13992929551264055,-0.10597293083777998,-0.0016492095370264376,-0.1854885175824415,-0.21327675402290747,1.0,0.07200578729285746,0.6875051549019318,-0.16552649008782153,-0.032715699847484486,0.4222257285549206,0.596054563771869,0.49638391509605223,0.07873166428913717,0.622290417709039,0.19471809468855036,0.054019337787205884,0.1790460120958444,0.14398485793754395,0.09382961412984583,0.20874898224378022,0.05919075686591851,-0.029082818391558966,0.04197249346319142,0.1060863438284706,0.02132910167319499,0.04727675189086025,-0.03918955216713934,0.31403001861624963
LowQualFinSF,-0.051251589007657306,0.06101807726412533,0.02517432356088472,0.007602984504015016,-0.0235232090335744,0.026704859595263274,-0.18349318217027932,-0.04204488339566112,-0.0715840399720547,-0.052297327741542936,0.0047059181741898985,0.010074634745382683,-0.042586056135768956,-0.014404615218387855,0.07200578729285746,1.0,0.14104544959917242,-0.03224376526627134,0.0007848532600761756,-0.016920203333689106,-0.008570070152468518,0.1022949604745951,0.015558404680269682,0.13246695537765033,-0.019237380058970875,-0.04599455968751645,-0.0642961315777133,-0.033583950130337124,-0.02195833069733596,0.02077999942436393,0.06479852895541689,-0.002954698692864743,0.04227310589453596,0.07778369352190771,-0.011035975598878547,-0.028151074427311292,-0.01668727214452582,-0.011189198538811137
GrLivArea,0.015502719831803536,0.08845248721281863,0.3922160801272783,0.2661869090060399,0.5817832497367993,-0.06251021442752487,0.17119491483465293,0.2817273801731983,0.3762432014184544,0.20087262206669787,-0.009391176310774421,0.24167919489541595,0.4506844460240314,0.557240674476161,0.6875051549019318,0.14104544959917242,1.0,0.032481219360282,-0.03810125895532268,0.6178116834735102,0.4082549099767671,0.5102999864323833,0.1052529062874238,0.8207176091803873,0.4600115624246162,0.20845596301735456,0.46648087735848215,0.4782486997763609,0.2626728135980174,0.32592097947135923,-0.006739111242323868,0.021516247567497582,0.11138732316148343,0.2130515006100647,0.0004408273858902198,0.06626152308461224,-0.03271003747262971,0.6956519144967801
BsmtFullBath,-0.002575464120191247,-0.002677782213199713,0.09604525665348188,0.16837302963263773,0.09107015871950841,-0.05260515613287741,0.17293524426826393,0.10984912446026926,0.0886140112677015,0.6489698043811275,0.14899173348890082,-0.42454942412524954,0.2995225287836882,0.23621603176074482,-0.16552649008782153,-0.03224376526627134,0.032481219360282,1.0,-0.14304103067279564,-0.07170373538118283,-0.02564200672784519,-0.13008931337105858,-0.04991677856536876,-0.05304704362756245,0.12205144043999433,0.1061668803133234,0.12135821791844562,0.16878937234917207,0.17100902158416556,0.05578466425686588,-0.060362631832016754,0.0027285772099151897,0.02808863954473589,0.06826104557204184,-0.028993268806485516,-0.04381947306046101,0.0849866987464625,0.2263459953646289
BsmtHalfBath,-0.022342169166457652,-0.010991006702017378,-0.014129796345299908,0.05037663335375084,-0.0613744147533576,0.12289394524099968,-0.05009075878513363,-0.02363258027003586,0.016692331547979732,0.06168321156602708,0.1013282199310183,-0.11600020297224965,-0.016859332357451663,-0.014581385664562817,-0.032715699847484486,0.0007848532600761756,-0.03810125895532268,-0.14304103067279564,1.0,-0.050809805233411345,-0.04050361992829421,0.04209485512013223,-0.035586697056097724,-0.03947341635770791,0.014524962416092958,-0.08803170763292349,-0.0410213835373071,-0.03757732795951825,0.032005856423200585,-0.026207563065782282,-0.01432383095663359,0.03377567985265164,0.020357651179955735,0.0273395692494798,-0.00691733762923349,0.05857449943221502,-0.05165382045206269,-0.048346108864736295
FullBath,0.005492101512434647,0.15208828224162005,0.188595351176648,0.11729647298692081,0.5396606536217459,-0.18127791432467058,0.4604574378969582,0.4494880892389045,0.2692695521795837,0.029937970971545717,-0.07617922430586249,0.30369519755059415,0.31145203010231937,0.36002501317977487,0.4222257285549206,-0.016920203333689106,0.6178116834735102,-0.07170373538118283,-0.050809805233411345,1.0,0.13047452505369728,0.3462417413079564,0.14375348228418386,0.546979547006199,0.23161168171701352,0.4774155627329327,0.4723673418430968,0.41062834404340454,0.20471720987151973,0.2644863015903892,-0.12465832468025989,0.027407969647625353,-0.001448946826205932,0.07095046418722065,-0.010692067853829883,0.0609802947776038,-0.00671000093702912,0.5525460065335446
HalfBath,-0.01142565809472255,0.15938761859060205,0.06096501689403512,0.022935659001523716,0.266661434555203,-0.05498345275053092,0.2287627203905752,0.17151361543196192,0.1818670965902045,0.007673562738241486,-0.03142595794882706,-0.045606954678762045,-0.04948474170117266,-0.12283074092493085,0.596054563771869,-0.008570070152468518,0.4082549099767671,-0.02564200672784519,-0.04050361992829421,0.13047452505369728,1.0,0.2148192747702099,-0.07894037442806198,0.329633582686302,0.20006728298770063,0.18800556290629497,0.21390053586257876,0.16568999909060017,0.09521851627031326,0.20112888718582145,-0.09660418422700015,-0.007578848472532819,0.07128785204738183,0.03637325108634233,0.004694798890278856,0.0033055108873932806,-0.013020742038625176,0.2804808535046108
BedroomAbvGr,0.03982092192242579,-0.003837111106510493,0.24793573269948987,0.1178825026407732,0.08139893792716592,0.020843038815997066,-0.09070330752751879,-0.056234556053224,0.11041678372926679,-0.10854837352439745,-0.01941004488419702,0.1595381794381734,0.04154925025752005,0.11514435016443168,0.49638391509605223,0.1022949604745951,0.5102999864323833,-0.13008931337105858,0.04209485512013223,0.3462417413079564,0.2148192747702099,1.0,0.21787814865451544,0.6789373691839199,0.10912380535882449,-0.08427247813859,0.07487655865241102,0.06061324072647465,0.045252653622542355,0.09198707218904892,0.05097345968028932,-0.02915014749599424,0.056569256260348255,0.08234618806213413,0.010938836619801108,0.06003141664559355,-0.049289539087827336,0.15621072066050018
KitchenAbvGr,-0.013739836101699513,0.3133530070868871,-0.006817116829398555,-0.02717386078657677,-0.18845132054028121,-0.0672489498386109,-0.20321515468824067,-0.1483476845513981,-0.03070854157488464,-0.08778999108906822,-0.03547080641784574,0.0421557717463027,-0.061489794924946745,0.0513218007243377,0.07873166428913717,0.015558404680269682,0.1052529062874238,-0.04991677856536876,-0.035586697056097724,0.14375348228418386,-0.07894037442806198,0.21787814865451544,1.0,0.27349576062505987,-0.1214644571357619,-0.13895890912894238,-0.0501911061213633,-0.057929613514361156,-0.08827710472272404,-0.06554743818982406,0.0491621336226577,-0.02574532332637843,-0.05195278733167129,-0.015104231170953221,0.06480272773423881,0.05415831148180722,0.014840860888960647,-0.14278481698845236
TotRmsAbvGrd,0.028139884056030663,0.06862301487655399,0.33005896412425473,0.1869563271091103,0.4163318561363937,-0.04200025094620559,0.06811454273134455,0.18665895548009512,0.2706501532756018,0.026574118040490972,-0.02872303519596953,0.2493261843515874,0.2699153135040929,0.3892851494961646,0.622290417709039,0.13246695537765033,0.8207176091803873,-0.05304704362756245,-0.03947341635770791,0.546979547006199,0.329633582686302,0.6789373691839199,0.27349576062505987,1.0,0.31940845831943737,0.12407280033827116,0.356827177263291,0.3354344474321275,0.17384853927684052,0.22524100663260863,-0.003522903668257587,-0.007687355457249912,0.06985622366788481,0.10323688851031995,0.03012259823998832,0.06147904664474615,-0.043171770379774155,0.5203884422148096
Fireplaces,-0.026059323019780263,-0.045601826947573254,0.26700703890601046,0.2715253250055884,0.3848191736240695,-0.004994876955685587,0.12781067658397902,0.10167780669463286,0.249423603821881,0.2417829332932143,0.0588245149522053,0.05610251229176865,0.3298220436639882,0.404923541900942,0.19471809468855036,-0.019237380058970875,0.4600115624246162,0.12205144043999433,0.014524962416092958,0.23161168171701352,0.20006728298770063,0.10912380535882449,-0.1214644571357619,0.31940845831943737,1.0,0.025440441047509924,0.2810779900811216,0.25600020743701296,0.19666223896705212,0.15954600402295532,-0.040089326112039594,0.01358508737669412,0.21263492704877718,0.10690694220522566,0.004239403787360808,0.03722581158670513,-0.01200283371736368,0.4575492910719773
GarageYrBlt,0.014309910550619169,0.059795667341394645,0.05904281568107815,-0.028553473297136346,0.5269365563563009,-0.3285630841663082,0.8195574824669867,0.6457929031433055,0.24435745146927232,0.12198436971917997,-0.08454883345603895,0.2088820150870834,0.31273538977753557,0.22284546806202304,0.054019337787205884,-0.04599455968751645,0.20845596301735456,0.1061668803133234,-0.08803170763292349,0.4774155627329327,0.18800556290629497,-0.08427247813859,-0.13895890912894238,0.12407280033827116,0.025440441047509924,1.0,0.569600003908812,0.5478125153777968,0.2268454444783171,0.21676132300659443,-0.28810468896661007,0.020660195350301495,-0.08145670228964068,-0.01717300953562177,-0.03705931465106327,-0.0010421666057996836,0.01432382893131193,0.48035091204150354
GarageCars,0.019902998326597993,-0.04078714015140655,0.27631443315526477,0.15180348075701391,0.5874867471314587,-0.1731149800379311,0.5257395018785775,0.414912233683476,0.3684398890529906,0.19956604066785164,-0.013479399640238735,0.23193994777849364,0.43799055630809575,0.4370938032429118,0.1790460120958444,-0.0642961315777133,0.46648087735848215,0.12135821791844562,-0.0410213835373071,0.4723673418430968,0.21390053586257876,0.07487655865241102,-0.0501911061213633,0.356827177263291,0.2810779900811216,0.569600003908812,1.0,0.882549508374398,0.2326262192520895,0.19305839494810687,-0.15328604692014722,0.035120785345217204,0.05817311817984028,0.03637692114728504,-0.048517842803340636,0.03850317703891542,-0.023882140864700044,0.6409907609784483
GarageArea,0.02960652206061085,-0.09614003126810826,0.3369139909504237,0.1791239748131755,0.550475562548777,-0.13943087747262228,0.4666100522572073,0.36482578648644004,0.38354432689362616,0.28052307213935174,0.0038185266780074263,0.19461252358390357,0.4907281727215779,0.4891079273167645,0.14398485793754395,-0.033583950130337124,0.4782486997763609,0.16878937234917207,-0.03757732795951825,0.41062834404340454,0.16568999909060017,0.06061324072647465,-0.057929613514361156,0.3354344474321275,0.25600020743701296,0.5478125153777968,0.882549508374398,1.0,0.23156950922271935,0.22403797936682926,-0.12416381486937672,0.04002928226031013,0.05970369829806846,0.07991795377860325,-0.03284213740789354,0.017669249184472054,-0.020335507932090064,0.624138884430746
WoodDeckSF,-0.005501914630535681,-0.02271200079198523,0.07767041193732004,0.17753715388510874,0.23299098544635208,-0.007351573294635357,0.2170830297195778,0.21178852897828865,0.16527816445939755,0.18917153904506917,0.06976405460217365,0.017317042618673083,0.23965610192777276,0.2523072274786625,0.09382961412984583,-0.02195833069733596,0.2626728135980174,0.17100902158416556,0.032005856423200585,0.20471720987151973,0.09521851627031326,0.045252653622542355,-0.08827710472272404,0.17384853927684052,0.19666223896705212,0.2268454444783171,0.2326262192520895,0.23156950922271935,1.0,0.055962500226533936,-0.13540512530590434,-0.05037038039351501,-0.06674106464038171,0.07466080829098769,-0.012636733903254097,0.027566161200442953,0.031121834109628068,0.3298430677096894
OpenPorchSF,0.01279549544614412,-0.011753177473549339,0.14375280375961577,0.08631963238332539,0.28869100822584737,-0.029881643596389035,0.17624050286829637,0.22405293854259,0.12047978721484766,0.09283250504149665,0.02207538835265419,0.13835301978948364,0.24477217787824784,0.20215554229394725,0.20874898224378022,0.02077999942436393,0.32592097947135923,0.05578466425686588,-0.026207563065782282,0.2644863015903892,0.20112888718582145,0.09198707218904892,-0.06554743818982406,0.22524100663260863,0.15954600402295532,0.21676132300659443,0.19305839494810687,0.22403797936682926,0.055962500226533936,1.0,-0.10693863386282786,-0.011961304706847005,0.09652698685454224,0.07490721897339984,-0.021025203147633377,0.0632159625651335,-0.05398139727496474,0.2999691605590995
EnclosedPorch,0.007900039739496757,-0.00808615284274172,-0.0047492801223881715,-0.024948239600949267,-0.12196675661254741,0.06769649069472129,-0.39251320135953593,-0.2056967419200973,-0.12822562214027883,-0.11521606655662932,0.055099944684266856,-0.012559553991616864,-0.11296435291168756,-0.08445266496271889,0.05919075686591851,0.06479852895541689,-0.006739111242323868,-0.060362631832016754,-0.01432383095663359,-0.12465832468025989,-0.09660418422700015,0.05097345968028932,0.0491621336226577,-0.003522903668257587,-0.040089326112039594,-0.28810468896661007,-0.15328604692014722,-0.12416381486937672,-0.13540512530590434,-0.10693863386282786,1.0,-0.042585282911601983,-0.08436175205601808,0.06867835491371306,0.022424638527856682,-0.03814058234627916,-0.02260458721296694,-0.14953150013191932
3SsnPorch,-0.04942976042041867,-0.058671681561942,0.08170862766013104,0.023200191418532964,0.02527792441788363,0.017296403356069055,0.029117283070690905,0.042384850952549534,0.03138160138715499,0.02712794373123614,-0.03029383718299983,0.02110913924947606,0.038765431143304475,0.06260880210733208,-0.029082818391558966,-0.002954698692864743,0.021516247567497582,0.0027285772099151897,0.03377567985265164,0.027407969647625353,-0.007578848472532819,-0.02915014749599424,-0.02574532332637843,-0.007687355457249912,0.01358508737669412,0.020660195350301495,0.035120785345217204,0.04002928226031013,-0.05037038039351501,-0.011961304706847005,-0.042585282911601983,1.0,-0.03337859720782268,-0.008590704869136531,-0.0002110092867195746,0.03286921155587865,0.010693458793669331,0.05153159667710584
ScreenPorch,-0.0005341352694337008,-0.03315505004870895,0.05208675574732639,0.04635328818092854,0.06083994665111061,0.05753687838098918,-0.047355689159291614,-0.060475782028264986,0.05811292848812316,0.054527090958568204,0.11592699876011596,-0.012883797423101046,0.0853747109871651,0.09812091431658503,0.04197249346319142,0.04227310589453596,0.11138732316148343,0.02808863954473589,0.020357651179955735,-0.001448946826205932,0.07128785204738183,0.056569256260348255,-0.05195278733167129,0.06985622366788481,0.21263492704877718,-0.08145670228964068,0.05817311817984028,0.05970369829806846,-0.06674106464038171,0.09652698685454224,-0.08436175205601808,-0.03337859720782268,1.0,0.0644958942550384,0.0366831263120898,0.018841062208388576,0.012804059914152796,0.1191721519973889
PoolArea,0.055849812735141016,0.0035778481325730816,0.2454243279607946,0.08646301125372445,0.07918163560311328,-0.007495502197741231,0.004362478861821194,0.011388407880920697,0.021876654291177234,0.16595071723235738,0.05540318092612764,-0.042609837314724355,0.1496095552758025,0.15872199023064487,0.1060863438284706,0.07778369352190771,0.2130515006100647,0.06826104557204184,0.0273395692494798,0.07095046418722065,0.03637325108634233,0.08234618806213413,-0.015104231170953221,0.10323688851031995,0.10690694220522566,-0.01717300953562177,0.03637692114728504,0.07991795377860325,0.07466080829098769,0.07490721897339984,0.06867835491371306,-0.008590704869136531,0.0644958942550384,1.0,0.03203241318644447,-0.04510927888809167,-0.0740828463898422,0.11562969356780602
MiscVal,-0.006444053620797327,-0.006216295130981231,0.0007874490557773429,0.03835754574486165,-0.03203951948639972,0.07701553564837846,-0.03368286178421864,-0.006076082784955423,-0.03166841309861232,0.004167784834831154,0.00811545293977186,-0.02620444196853416,-0.019287212992840724,-0.022282228330706498,0.02132910167319499,-0.011035975598878547,0.0004408273858902198,-0.028993268806485516,-0.00691733762923349,-0.010692067853829883,0.004694798890278856,0.010938836619801108,0.06480272773423881,0.03012259823998832,0.004239403787360808,-0.03705931465106327,-0.048517842803340636,-0.03284213740789354,-0.012636733903254097,-0.021025203147633377,0.022424638527856682,-0.0002110092867195746,0.0366831263120898,0.03203241318644447,1.0,-0.009814609921163824,0.0018493188151990612,-0.020178536456589142
MoSold,0.0137125950625283,-0.014139401466276484,0.023849504973428127,0.003973082110040566,0.05335500516408308,0.007974742305644246,0.006257364745017056,0.025142269193765887,0.0028100082778469227,-0.011883594994910516,-0.016694546565501858,0.022017435273435585,0.003928097585234074,0.03961023684784837,0.04727675189086025,-0.028151074427311292,0.06626152308461224,-0.04381947306046101,0.05857449943221502,0.0609802947776038,0.0033055108873932806,0.06003141664559355,0.05415831148180722,0.06147904664474615,0.03722581158670513,-0.0010421666057996836,0.03850317703891542,0.017669249184472054,0.027566161200442953,0.0632159625651335,-0.03814058234627916,0.03286921155587865,0.018841062208388576,-0.04510927888809167,-0.009814609921163824,1.0,-0.1398477639019549,0.041889931725700484
YrSold,0.00421108273034199,-0.028758265196591998,0.003096526341570703,-0.00509769058834608,-0.0176347448025658,0.023782451066633507,0.000670346418191067,0.04653333324361139,0.005671218793672964,0.032167026249465006,0.04030642336975355,-0.03609120271099622,0.011424022249385879,0.0022537722373259326,-0.03918955216713934,-0.01668727214452582,-0.03271003747262971,0.0849866987464625,-0.05165382045206269,-0.00671000093702912,-0.013020742038625176,-0.049289539087827336,0.014840860888960647,-0.043171770379774155,-0.01200283371736368,0.01432382893131193,-0.023882140864700044,-0.020335507932090064,0.031121834109628068,-0.05398139727496474,-0.02260458721296694,0.010693458793669331,0.012804059914152796,-0.0740828463898422,0.0018493188151990612,-0.1398477639019549,1.0,-0.009099104658167842
SalePrice,-0.01964272625211415,-0.08808143230519452,0.3300661478338092,0.2662035157481018,0.7855547508295233,-0.07439125482472195,0.5165007897173519,0.5085928623194931,0.4591226943523084,0.35946011873579686,-0.005731040775719425,0.22248700465738838,0.5977658678072638,0.5878834001325344,0.31403001861624963,-0.011189198538811137,0.6956519144967801,0.2263459953646289,-0.048346108864736295,0.5525460065335446,0.2804808535046108,0.15621072066050018,-0.14278481698845236,0.5203884422148096,0.4575492910719773,0.48035091204150354,0.6409907609784483,0.624138884430746,0.3298430677096894,0.2999691605590995,-0.14953150013191932,0.05153159667710584,0.1191721519973889,0.11562969356780602,-0.020178536456589142,0.041889931725700484,-0.009099104658167842,1.0
